%YAML:1.0
    smallIdArr: !!opencv-matrix
        rows: 1
        cols: 29
        dt: i
        data: [ 1, 2, 4, 5, 6, 8, 10, 
            12, 13, 14, 15, 16, 17, 18, 19, 
            20, 25, 26, 27, 28, 29, 30, 31, 
            32, 33, 35, 37, 38, 39]
